n,Temps d'exécution (secondes)
9,4.231714288748447e-06
24,1.6862266874384315e-05
39,4.067571421286889e-05
54,8.021260811282055e-05
69,0.0001257989697956613
84,0.00017458946617054087
99,0.00023326293210543337
114,0.0003436767794635324
129,0.00045364390561978017
144,0.000610321179298418
159,0.000759975982164698
174,0.0009259360189593973
189,0.0010954170463872807
204,0.0012724645526724912
219,0.0014857979996928147
234,0.0017157657911025343
249,0.0019248302657423274
264,0.0021277316962147043
279,0.0023716140348641643
294,0.002659115372447386
309,0.002943368245581431
324,0.0031981939049437647
339,0.0035251241143615473
354,0.0038585519420781308
369,0.004138344610642109
384,0.004548211143263394
399,0.004874312572048178
414,0.005203503580098705
429,0.005519354266868461
444,0.0058929679607085525
459,0.006430517561999815
474,0.006915193713935358
489,0.007500878742230791
504,0.007796028874282326
519,0.008497647848955932
534,0.008971883123563158
549,0.00956629097302045
564,0.0101833422285549
579,0.010810768437749219
